AOA			| Estimated AOA
---------------------------
-90.00		| -90.00
-88.00		| -88.02
-86.00		| -86.04
-84.00		| -84.05
-82.00		| -82.07
-80.00		| -80.09
-78.00		| -77.93
-76.00		| -75.95
-74.00		| -73.96
-72.00		| -71.98
-70.00		| -70.00
-68.00		| -68.02
-66.00		| -66.04
-64.00		| -64.05
-62.00		| -62.07
-60.00		| -60.09
-58.00		| -57.93
-56.00		| -55.95
-54.00		| -53.96
-52.00		| -51.98
-50.00		| -50.00
-48.00		| -48.02
-46.00		| -46.04
-44.00		| -44.05
-42.00		| -42.07
-40.00		| -40.09
-38.00		| -37.93
-36.00		| -35.95
-34.00		| -33.96
-32.00		| -31.98
-30.00		| -30.00
-28.00		| -28.02
-26.00		| -26.04
-24.00		| -24.05
-22.00		| -22.07
-20.00		| -20.09
-18.00		| -17.93
-16.00		| -15.95
-14.00		| -13.96
-12.00		| -11.98
-10.00		| -10.00
-8.00		| -8.02
-6.00		| -6.04
-4.00		| -4.05
-2.00		| -2.07
0.00		| 0.09
2.00		| 2.07
4.00		| 4.05
6.00		| 6.04
8.00		| 8.02
10.00		| 10.00
12.00		| 11.98
14.00		| 13.96
16.00		| 15.95
18.00		| 17.93
20.00		| 20.09
22.00		| 22.07
24.00		| 24.05
26.00		| 26.04
28.00		| 28.02
30.00		| 30.00
32.00		| 31.98
34.00		| 33.96
36.00		| 35.95
38.00		| 37.93
40.00		| 40.09
42.00		| 42.07
44.00		| 44.05
46.00		| 46.04
48.00		| 48.02
50.00		| 50.00
52.00		| 51.98
54.00		| 53.96
56.00		| 55.95
58.00		| 57.93
60.00		| 60.09
62.00		| 62.07
64.00		| 64.05
66.00		| 66.04
68.00		| 68.02
70.00		| 70.00
72.00		| 71.98
74.00		| 73.96
76.00		| 75.95
78.00		| 77.93
80.00		| 80.09
82.00		| 82.07
84.00		| 84.05
86.00		| 86.04
88.00		| 88.02
90.00		| 90.00
